                             Site                     Case_ID pretrial_release       days_detained               Book_Date             Censored               AGE_CA
nbr.val      31598.00000000000000          31598.000000000000            31598  31598.000000000000     31598.0000000000000 31598.00000000000000   31598.000000000000
nbr.null         0.00000000000000              0.000000000000                0   6111.000000000000         0.0000000000000 26953.00000000000000       0.000000000000
nbr.na           0.00000000000000              0.000000000000                0      0.000000000000         0.0000000000000     0.00000000000000       0.000000000000
min              1.00000000000000           1079.000000000000                1      0.000000000000     17167.0000000000000     0.00000000000000      18.000000000000
max              3.00000000000000       16564238.000000000000                1    883.000000000000     17896.0000000000000     1.00000000000000      90.000000000000
range            2.00000000000000       16563159.000000000000                0    883.000000000000       729.0000000000000     1.00000000000000      72.000000000000
sum          54921.00000000000000   207032933805.000000000000            31598 253057.000000000000 553352425.0000000000000  4645.00000000000000 1082176.000000000000
median           2.00000000000000        3877792.000000000000                1      1.000000000000     17507.0000000000000     0.00000000000000      32.000000000000
mean             1.73811633647699        6552089.809639850631                1      8.008639787328     17512.2610608266332     0.14700297487183      34.248243559719
SE.mean          0.00349190458928          34246.868285032062                0      0.150986615445         1.1881555687116     0.00199211265782       0.064979859332
CI.mean.0.95     0.00684426941103          67125.199739469026                0      0.295939664771         2.3288313315991     0.00390461863393       0.127363062818
var              0.38528697928117 37059650703727.117187500000                0    720.338280258824     44607.3280852372409     0.12539706876350     133.418830190131
std.dev          0.62071489371625        6087663.813297110610                0     26.839118470226       211.2044698514623     0.35411448539067      11.550706913005
coef.var         0.35711930248258              0.929117883021                0      3.351270525701         0.0120603769621     2.40889332817535       0.337264213064
                           C_VIOL       Pending_Charge             Prior_MC             Prior_FC            Prior_VC        Prior_FTA_L2Y       Prior_FTA_MT2
nbr.val      31598.00000000000000 31598.00000000000000 31598.00000000000000 31598.00000000000000 31598.0000000000000 31598.00000000000000 31598.0000000000000
nbr.null     22611.00000000000000 25362.00000000000000 15586.00000000000000 21996.00000000000000 24434.0000000000000 22091.00000000000000 19646.0000000000000
nbr.na           0.00000000000000     0.00000000000000     0.00000000000000     0.00000000000000     0.0000000000000     0.00000000000000     0.0000000000000
min              0.00000000000000     0.00000000000000     0.00000000000000     0.00000000000000     0.0000000000000     0.00000000000000     0.0000000000000
max              1.00000000000000     1.00000000000000     1.00000000000000     1.00000000000000    49.0000000000000    20.00000000000000    63.0000000000000
range            1.00000000000000     1.00000000000000     1.00000000000000     1.00000000000000    49.0000000000000    20.00000000000000    63.0000000000000
sum           8987.00000000000000  6236.00000000000000 16012.00000000000000  9602.00000000000000 23327.0000000000000 18175.00000000000000 54135.0000000000000
median           0.00000000000000     0.00000000000000     1.00000000000000     0.00000000000000     0.0000000000000     0.00000000000000     0.0000000000000
mean             0.28441673523641     0.19735426292803     0.50674093297044     0.30387999240458     0.7382429267675     0.57519463257168     1.7132413443889
SE.mean          0.00253795978358     0.00223904221840     0.00281259763228     0.00258743939664     0.0116977207792     0.00636597182009     0.0210497681546
CI.mean.0.95     0.00497450032470     0.00438861021931     0.00551280123725     0.00507148229928     0.0229279897146     0.01247755346279     0.0412583679209
var              0.20353029719373     0.15841057114222     0.24996247052813     0.21154363746340     4.3237651437571     1.28052782077443    14.0008443783115
std.dev          0.45114332223112     0.39800825511818     0.49996246911956     0.45993873229312     2.0793665246313     1.13160409188657     3.7417702198707
coef.var         1.58620526269712     2.01671982764984     0.98662341364226     1.51355384951032     2.8166426649504     1.96734118819433     2.1840298403524
                         Prior_IN     time_at_risk_fta    time_at_risk_nca    time_at_risk_nvca MSCL MSCO RACE SEX                 tar                  FTA
nbr.val      31598.00000000000000   31598.000000000000   31598.00000000000   31598.000000000000   NA   NA   NA  NA   31598.00000000000 31598.00000000000000
nbr.null     21842.00000000000000       0.000000000000       0.00000000000       0.000000000000   NA   NA   NA  NA       0.00000000000 25086.00000000000000
nbr.na           0.00000000000000       0.000000000000       0.00000000000       0.000000000000   NA   NA   NA  NA       0.00000000000     0.00000000000000
min              0.00000000000000       1.000000000000       1.00000000000       1.000000000000   NA   NA   NA  NA       1.00000000000     0.00000000000000
max              1.00000000000000    1510.000000000000    1514.00000000000    1514.000000000000   NA   NA   NA  NA    1510.00000000000     1.00000000000000
range            1.00000000000000    1509.000000000000    1513.00000000000    1513.000000000000   NA   NA   NA  NA    1509.00000000000     1.00000000000000
sum           9756.00000000000000 7916810.000000000000 7216535.00000000000 8634733.000000000000   NA   NA   NA  NA 6419150.00000000000  6512.00000000000000
median           0.00000000000000     161.000000000000     140.00000000000     184.000000000000   NA   NA   NA  NA     116.00000000000     0.00000000000000
mean             0.30875371858978     250.547819482246     228.38581555795     273.268339768340   NA   NA   NA  NA     203.15051585543     0.20608899297424
SE.mean          0.00259895989191       1.368940822813       1.30990440675       1.420570811993   NA   NA   NA  NA       1.24656530718     0.00227557097174
CI.mean.0.95     0.00509406292007       2.683177492262       2.56746381043       2.784374288051   NA   NA   NA  NA       2.44331670086     0.00446020800291
var              0.21343161443928   59214.619655181261   54217.41423307698   63765.441204769573   NA   NA   NA  NA   49100.92420630413     0.16362149817235
std.dev          0.46198659551905     243.340542563670     232.84633180078     252.518199749582   NA   NA   NA  NA     221.58728349412     0.40450154285534
coef.var         1.49629483858251       0.971233926787       1.01953061854       0.924066798092   NA   NA   NA  NA       1.09075422507     1.96275180453671
                              NCA          charge_cnt                 NVCA                  CON               DT_FTA              DT_NCA              DT_NVCA Sample
nbr.val      31598.00000000000000 31598.0000000000000 31598.00000000000000 31598.00000000000000   31598.000000000000   31598.00000000000   31598.000000000000  31598
nbr.null     24320.00000000000000     0.0000000000000 29382.00000000000000 17630.00000000000000       0.000000000000       0.00000000000       0.000000000000      0
nbr.na           0.00000000000000     0.0000000000000     0.00000000000000     0.00000000000000       0.000000000000       0.00000000000       0.000000000000      0
min              0.00000000000000     1.0000000000000     0.00000000000000     0.00000000000000       1.000000000000       1.00000000000       1.000000000000      1
max              1.00000000000000    79.0000000000000     1.00000000000000     1.00000000000000    1510.000000000000    1514.00000000000    1514.000000000000      1
range            1.00000000000000    78.0000000000000     1.00000000000000     1.00000000000000    1509.000000000000    1513.00000000000    1513.000000000000      0
sum           7278.00000000000000 70416.0000000000000  2216.00000000000000 13968.00000000000000 8038649.000000000000 7216329.00000000000 8635534.000000000000  31598
median           0.00000000000000     2.0000000000000     0.00000000000000     0.00000000000000     166.000000000000     140.00000000000     184.000000000000      1
mean             0.23033103360972     2.2284954743971     0.07013102095069     0.44205329451231     254.403728084056     228.37929615798     273.293689474017      1
SE.mean          0.00236867398957     0.0106171745574     0.00143662372868     0.00279389930402       1.378831066905       1.31132211939       1.421155884325      0
CI.mean.0.95     0.00464269355504     0.0208100769070     0.00281583863188     0.00547615178337       2.702562757057       2.57024258260       2.785521052678      0
var              0.17728425918247     3.5618654516205     0.06521472473884     0.24664998519644   60073.331159313595   54334.83701413256   63817.976534534326      0
std.dev          0.42105137356678     1.8872905053596     0.25537173833227     0.49663868676981     245.098615172166     233.09834193776     252.622201190898      0
coef.var         1.82802710936562     0.8468899879055     3.64135207031724     1.12348147369362       0.963423834305       1.02066319434       0.924361633366      0
                       FTA_Censor           NCA_Censor          NVCA_Censor        detained_MT1D        detained_MT3D        detained_MT7D             PreD_FTA
nbr.val      31598.00000000000000 31598.00000000000000 31598.00000000000000 31598.00000000000000 24219.00000000000000 21863.00000000000000 31598.00000000000000
nbr.null     25086.00000000000000 24320.00000000000000 29382.00000000000000 16745.00000000000000 16745.00000000000000 16745.00000000000000 15454.00000000000000
nbr.na           0.00000000000000     0.00000000000000     0.00000000000000     0.00000000000000  7379.00000000000000  9735.00000000000000     0.00000000000000
min              0.00000000000000     0.00000000000000     0.00000000000000     0.00000000000000     0.00000000000000     0.00000000000000     0.00000000000000
max              1.00000000000000     1.00000000000000     1.00000000000000     1.00000000000000     1.00000000000000     1.00000000000000     1.00000000000000
range            1.00000000000000     1.00000000000000     1.00000000000000     1.00000000000000     1.00000000000000     1.00000000000000     1.00000000000000
sum           6512.00000000000000  7278.00000000000000  2216.00000000000000 14853.00000000000000  7474.00000000000000  5118.00000000000000 16144.00000000000000
median           0.00000000000000     0.00000000000000     0.00000000000000     0.00000000000000     0.00000000000000     0.00000000000000     1.00000000000000
mean             0.20608899297424     0.23033103360972     0.07013102095069     0.47006139629090     0.30860068541228     0.23409413163793     0.51091841255776
SE.mean          0.00227557097174     0.00236867398957     0.00143662372868     0.00280780631599     0.00296820421906     0.00286376922003     0.00281218254681
CI.mean.0.95     0.00446020800291     0.00464269355504     0.00281583863188     0.00550341007014     0.00581786413248     0.00561319529915     0.00551198765350
var              0.16362149817235     0.17728425918247     0.06521472473884     0.24911156378426     0.21337511261164     0.17930227034476     0.24988869663790
std.dev          0.40450154285534     0.42105137356678     0.25537173833227     0.49911077305971     0.46192544053303     0.42344098803110     0.49988868424670
coef.var         1.96275180453671     1.82802710936562     3.64135207031724     1.06179911177140     1.49683867330339     1.80884922261118     0.97841195768256
                        PostD_FTA             PreD_NCA            PostD_NCA            PreD_NVCA           PostD_NVCA             PreD_CON            PostD_CON
nbr.val      31598.00000000000000 31598.00000000000000 31598.00000000000000 31598.00000000000000 31598.00000000000000 31598.00000000000000 31598.00000000000000
nbr.null     25086.00000000000000 14445.00000000000000 24320.00000000000000 24434.00000000000000 29382.00000000000000 14445.00000000000000 17630.00000000000000
nbr.na           0.00000000000000     0.00000000000000     0.00000000000000     0.00000000000000     0.00000000000000     0.00000000000000     0.00000000000000
min              0.00000000000000     0.00000000000000     0.00000000000000     0.00000000000000     0.00000000000000     0.00000000000000     0.00000000000000
max              1.00000000000000     1.00000000000000     1.00000000000000     1.00000000000000     1.00000000000000     1.00000000000000     1.00000000000000
range            1.00000000000000     1.00000000000000     1.00000000000000     1.00000000000000     1.00000000000000     1.00000000000000     1.00000000000000
sum           6512.00000000000000 17153.00000000000000  7278.00000000000000  7164.00000000000000  2216.00000000000000 17153.00000000000000 13968.00000000000000
median           0.00000000000000     1.00000000000000     0.00000000000000     0.00000000000000     0.00000000000000     1.00000000000000     0.00000000000000
mean             0.20608899297424     0.54285081334262     0.23033103360972     0.22672321032977     0.07013102095069     0.54285081334262     0.44205329451231
SE.mean          0.00227557097174     0.00280250436086     0.00236867398957     0.00235555122746     0.00143662372868     0.00280250436086     0.00279389930402
CI.mean.0.95     0.00446020800291     0.00549301803096     0.00464269355504     0.00461697242866     0.00281583863188     0.00549301803096     0.00547615178337
var              0.16362149817235     0.24817166182657     0.17728425918247     0.17532534484912     0.06521472473884     0.24817166182657     0.24664998519644
std.dev          0.40450154285534     0.49816830672632     0.42105137356678     0.41871869417201     0.25537173833227     0.49816830672632     0.49663868676981
coef.var         1.96275180453671     0.91768915967692     1.82802710936562     1.84682765193290     3.64135207031724     0.91768915967692     1.12348147369362
                            White                Black                Other
nbr.val      31598.00000000000000 31598.00000000000000 31598.00000000000000
nbr.null     19073.00000000000000 14464.00000000000000 29659.00000000000000
nbr.na           0.00000000000000     0.00000000000000     0.00000000000000
min              0.00000000000000     0.00000000000000     0.00000000000000
max              1.00000000000000     1.00000000000000     1.00000000000000
range            1.00000000000000     1.00000000000000     1.00000000000000
sum          12525.00000000000000 17134.00000000000000  1939.00000000000000
median           0.00000000000000     1.00000000000000     0.00000000000000
mean             0.39638584720552     0.54224950946262     0.06136464333186
SE.mean          0.00275179357187     0.00280279328291     0.00135015813258
CI.mean.0.95     0.00539362290344     0.00549358432946     0.00264636268563
var              0.23927167970854     0.24822283460035     0.05760084680759
std.dev          0.48915404496799     0.49821966500767     0.24000176417600
coef.var         1.23403509085018     0.91880150431378     3.91107568047103
