    tmt1 tmt2                        var  mean1  mean2 pop.sd std.eff.sz     p    ks ks.pval stop.method
1      0    1                     AGE_CA 34.156 33.737 11.551      0.036 0.009 0.017   0.096         unw
2      0    1                     C_VIOL  0.241  0.294  0.451      0.119 0.000 0.054   0.000         unw
3      0    1                   Prior_IN  0.239  0.308  0.462      0.149 0.000 0.069   0.000         unw
4      0    1             Pending_Charge  0.159  0.207  0.398      0.119 0.000 0.048   0.000         unw
5      0    1                 charge_cnt  1.818  2.333  1.887      0.273 0.000 0.157   0.000         unw
6      0    1                MSCL:Felony  0.363  0.604  0.500      0.481 0.000 0.240   0.000         unw
7      0    1           MSCL:Misdemeanor  0.637  0.396  0.500      0.481    NA 0.240      NA         unw
8      0    1        MSCO:Other Offenses  0.084  0.043  0.235      0.176 0.000 0.041   0.000         unw
9      0    1         MSCO:Drug Offenses  0.122  0.187  0.353      0.185    NA 0.065      NA         unw
10     0    1     MSCO:Property Offenses  0.269  0.282  0.448      0.030    NA 0.014      NA         unw
11     0    1 MSCO:Public Order Offenses  0.229  0.149  0.389      0.208    NA 0.081      NA         unw
12     0    1      MSCO:Violent Offenses  0.297  0.340  0.471      0.092    NA 0.043      NA         unw
13     0    1                     Site:1  0.391  0.338  0.479      0.112 0.000 0.054   0.000         unw
14     0    1                     Site:2  0.512  0.563  0.498      0.103    NA 0.051      NA         unw
15     0    1                     Site:3  0.097  0.099  0.295      0.008    NA 0.002      NA         unw
16     0    1                      White  0.427  0.383  0.489      0.091 0.000 0.045   0.000         unw
17     0    1                      Black  0.507  0.555  0.498      0.097 0.000 0.048   0.000         unw
18     0    1                 SEX:Female  0.323  0.238  0.446      0.189 0.000 0.084   0.000         unw
19     0    1                   SEX:Male  0.677  0.762  0.446      0.189    NA 0.084      NA         unw
20     0    1                   PreD_FTA  0.461  0.511  0.500      0.100 0.000 0.050   0.000         unw
21     0    1                   PreD_NCA  0.465  0.562  0.498      0.195 0.000 0.097   0.000         unw
22     0    1                  PreD_NVCA  0.166  0.233  0.419      0.159 0.000 0.067   0.000         unw
23     0    2                     AGE_CA 34.156 34.572 11.551      0.036 0.101 0.024   0.192         unw
24     0    2                     C_VIOL  0.241  0.287  0.451      0.103 0.000 0.046   0.000         unw
25     0    2                   Prior_IN  0.239  0.417  0.462      0.384 0.000 0.177   0.000         unw
26     0    2             Pending_Charge  0.159  0.292  0.398      0.332 0.000 0.132   0.000         unw
27     0    2                 charge_cnt  1.818  2.733  1.887      0.485 0.000 0.243   0.000         unw
28     0    2                MSCL:Felony  0.363  0.629  0.500      0.531 0.000 0.265   0.000         unw
29     0    2           MSCL:Misdemeanor  0.637  0.371  0.500      0.531    NA 0.265      NA         unw
30     0    2        MSCO:Other Offenses  0.084  0.038  0.235      0.195 0.000 0.046   0.000         unw
31     0    2         MSCO:Drug Offenses  0.122  0.162  0.353      0.115    NA 0.041      NA         unw
32     0    2     MSCO:Property Offenses  0.269  0.316  0.448      0.105    NA 0.047      NA         unw
33     0    2 MSCO:Public Order Offenses  0.229  0.157  0.389      0.187    NA 0.073      NA         unw
34     0    2      MSCO:Violent Offenses  0.297  0.327  0.471      0.065    NA 0.031      NA         unw
35     0    2                     Site:1  0.391  0.388  0.479      0.007 0.944 0.003   0.944         unw
36     0    2                     Site:2  0.512  0.515  0.498      0.007    NA 0.004      NA         unw
37     0    2                     Site:3  0.097  0.097  0.295      0.001    NA 0.000      NA         unw
38     0    2                      White  0.427  0.392  0.489      0.073 0.001 0.036   0.011         unw
39     0    2                      Black  0.507  0.548  0.498      0.082 0.000 0.041   0.002         unw
40     0    2                 SEX:Female  0.323  0.225  0.446      0.218 0.000 0.097   0.000         unw
41     0    2                   SEX:Male  0.677  0.775  0.446      0.218    NA 0.097      NA         unw
42     0    2                   PreD_FTA  0.461  0.651  0.500      0.379 0.000 0.190   0.000         unw
43     0    2                   PreD_NCA  0.465  0.669  0.498      0.409 0.000 0.204   0.000         unw
44     0    2                  PreD_NVCA  0.166  0.290  0.419      0.296 0.000 0.124   0.000         unw
45     0    3                     AGE_CA 34.156 35.139 11.551      0.085 0.000 0.047   0.000         unw
46     0    3                     C_VIOL  0.241  0.413  0.451      0.382 0.000 0.172   0.000         unw
47     0    3                   Prior_IN  0.239  0.487  0.462      0.535 0.000 0.247   0.000         unw
48     0    3             Pending_Charge  0.159  0.265  0.398      0.266 0.000 0.106   0.000         unw
49     0    3                 charge_cnt  1.818  3.189  1.887      0.726 0.000 0.300   0.000         unw
50     0    3                MSCL:Felony  0.363  0.792  0.500      0.857 0.000 0.428   0.000         unw
51     0    3           MSCL:Misdemeanor  0.637  0.208  0.500      0.857    NA 0.428      NA         unw
52     0    3        MSCO:Other Offenses  0.084  0.007  0.235      0.326 0.000 0.076   0.000         unw
53     0    3         MSCO:Drug Offenses  0.122  0.157  0.353      0.101    NA 0.036      NA         unw
54     0    3     MSCO:Property Offenses  0.269  0.288  0.448      0.044    NA 0.020      NA         unw
55     0    3 MSCO:Public Order Offenses  0.229  0.108  0.389      0.311    NA 0.121      NA         unw
56     0    3      MSCO:Violent Offenses  0.297  0.439  0.471      0.302    NA 0.142      NA         unw
57     0    3                     Site:1  0.391  0.264  0.479      0.266 0.000 0.128   0.000         unw
58     0    3                     Site:2  0.512  0.649  0.498      0.276    NA 0.137      NA         unw
59     0    3                     Site:3  0.097  0.087  0.295      0.033    NA 0.010      NA         unw
60     0    3                      White  0.427  0.317  0.489      0.226 0.000 0.111   0.000         unw
61     0    3                      Black  0.507  0.638  0.498      0.263 0.000 0.131   0.000         unw
62     0    3                 SEX:Female  0.323  0.191  0.446      0.296 0.000 0.132   0.000         unw
63     0    3                   SEX:Male  0.677  0.809  0.446      0.296    NA 0.132      NA         unw
64     0    3                   PreD_FTA  0.461  0.610  0.500      0.298 0.000 0.149   0.000         unw
65     0    3                   PreD_NCA  0.465  0.710  0.498      0.491 0.000 0.244   0.000         unw
66     0    3                  PreD_NVCA  0.166  0.386  0.419      0.526 0.000 0.220   0.000         unw
67     1    2                     AGE_CA 33.737 34.572 11.551      0.072 0.002 0.033   0.038         unw
68     1    2                     C_VIOL  0.294  0.287  0.451      0.016 0.497 0.007   1.000         unw
69     1    2                   Prior_IN  0.308  0.417  0.462      0.235 0.000 0.109   0.000         unw
70     1    2             Pending_Charge  0.207  0.292  0.398      0.213 0.000 0.085   0.000         unw
71     1    2                 charge_cnt  2.333  2.733  1.887      0.212 0.000 0.098   0.000         unw
72     1    2                MSCL:Felony  0.604  0.629  0.500      0.049 0.032 0.025   0.032         unw
73     1    2           MSCL:Misdemeanor  0.396  0.371  0.500      0.049    NA 0.025      NA         unw
74     1    2        MSCO:Other Offenses  0.043  0.038  0.235      0.019 0.004 0.004   0.004         unw
75     1    2         MSCO:Drug Offenses  0.187  0.162  0.353      0.070    NA 0.025      NA         unw
76     1    2     MSCO:Property Offenses  0.282  0.316  0.448      0.075    NA 0.034      NA         unw
77     1    2 MSCO:Public Order Offenses  0.149  0.157  0.389      0.020    NA 0.008      NA         unw
78     1    2      MSCO:Violent Offenses  0.340  0.327  0.471      0.027    NA 0.012      NA         unw
79     1    2                     Site:1  0.338  0.388  0.479      0.105 0.000 0.050   0.000         unw
80     1    2                     Site:2  0.563  0.515  0.498      0.096    NA 0.048      NA         unw
81     1    2                     Site:3  0.099  0.097  0.295      0.009    NA 0.003      NA         unw
82     1    2                      White  0.383  0.392  0.489      0.019 0.433 0.009   0.999         unw
83     1    2                      Black  0.555  0.548  0.498      0.015 0.521 0.008   1.000         unw
84     1    2                 SEX:Female  0.238  0.225  0.446      0.029 0.195 0.013   0.195         unw
85     1    2                   SEX:Male  0.762  0.775  0.446      0.029    NA 0.013      NA         unw
86     1    2                   PreD_FTA  0.511  0.651  0.500      0.280 0.000 0.140   0.000         unw
87     1    2                   PreD_NCA  0.562  0.669  0.498      0.215 0.000 0.107   0.000         unw
88     1    2                  PreD_NVCA  0.233  0.290  0.419      0.137 0.000 0.057   0.000         unw
89     1    3                     AGE_CA 33.737 35.139 11.551      0.121 0.000 0.061   0.000         unw
90     1    3                     C_VIOL  0.294  0.413  0.451      0.263 0.000 0.118   0.000         unw
91     1    3                   Prior_IN  0.308  0.487  0.462      0.386 0.000 0.179   0.000         unw
92     1    3             Pending_Charge  0.207  0.265  0.398      0.146 0.000 0.058   0.000         unw
93     1    3                 charge_cnt  2.333  3.189  1.887      0.454 0.000 0.162   0.000         unw
94     1    3                MSCL:Felony  0.604  0.792  0.500      0.376 0.000 0.188   0.000         unw
95     1    3           MSCL:Misdemeanor  0.396  0.208  0.500      0.376    NA 0.188      NA         unw
96     1    3        MSCO:Other Offenses  0.043  0.007  0.235      0.150 0.000 0.035   0.000         unw
97     1    3         MSCO:Drug Offenses  0.187  0.157  0.353      0.084    NA 0.029      NA         unw
98     1    3     MSCO:Property Offenses  0.282  0.288  0.448      0.013    NA 0.006      NA         unw
99     1    3 MSCO:Public Order Offenses  0.149  0.108  0.389      0.103    NA 0.040      NA         unw
100    1    3      MSCO:Violent Offenses  0.340  0.439  0.471      0.210    NA 0.099      NA         unw
101    1    3                     Site:1  0.338  0.264  0.479      0.154 0.000 0.074   0.000         unw
102    1    3                     Site:2  0.563  0.649  0.498      0.173    NA 0.086      NA         unw
103    1    3                     Site:3  0.099  0.087  0.295      0.041    NA 0.012      NA         unw
104    1    3                      White  0.383  0.317  0.489      0.135 0.000 0.066   0.000         unw
105    1    3                      Black  0.555  0.638  0.498      0.166 0.000 0.083   0.000         unw
106    1    3                 SEX:Female  0.238  0.191  0.446      0.107 0.000 0.048   0.000         unw
107    1    3                   SEX:Male  0.762  0.809  0.446      0.107    NA 0.048      NA         unw
108    1    3                   PreD_FTA  0.511  0.610  0.500      0.199 0.000 0.099   0.000         unw
109    1    3                   PreD_NCA  0.562  0.710  0.498      0.296 0.000 0.147   0.000         unw
110    1    3                  PreD_NVCA  0.233  0.386  0.419      0.367 0.000 0.154   0.000         unw
111    2    3                     AGE_CA 34.572 35.139 11.551      0.049 0.049 0.039   0.015         unw
112    2    3                     C_VIOL  0.287  0.413  0.451      0.279 0.000 0.126   0.000         unw
113    2    3                   Prior_IN  0.417  0.487  0.462      0.151 0.000 0.070   0.000         unw
114    2    3             Pending_Charge  0.292  0.265  0.398      0.067 0.018 0.027   0.202         unw
115    2    3                 charge_cnt  2.733  3.189  1.887      0.242 0.000 0.064   0.000         unw
116    2    3                MSCL:Felony  0.629  0.792  0.500      0.326 0.000 0.163   0.000         unw
117    2    3           MSCL:Misdemeanor  0.371  0.208  0.500      0.326    NA 0.163      NA         unw
118    2    3        MSCO:Other Offenses  0.038  0.007  0.235      0.131 0.000 0.031   0.000         unw
119    2    3         MSCO:Drug Offenses  0.162  0.157  0.353      0.014    NA 0.005      NA         unw
120    2    3     MSCO:Property Offenses  0.316  0.288  0.448      0.062    NA 0.028      NA         unw
121    2    3 MSCO:Public Order Offenses  0.157  0.108  0.389      0.124    NA 0.048      NA         unw
122    2    3      MSCO:Violent Offenses  0.327  0.439  0.471      0.237    NA 0.111      NA         unw
123    2    3                     Site:1  0.388  0.264  0.479      0.259 0.000 0.124   0.000         unw
124    2    3                     Site:2  0.515  0.649  0.498      0.268    NA 0.134      NA         unw
125    2    3                     Site:3  0.097  0.087  0.295      0.032    NA 0.009      NA         unw
126    2    3                      White  0.392  0.317  0.489      0.153 0.000 0.075   0.000         unw
127    2    3                      Black  0.548  0.638  0.498      0.181 0.000 0.090   0.000         unw
128    2    3                 SEX:Female  0.225  0.191  0.446      0.078 0.000 0.035   0.000         unw
129    2    3                   SEX:Male  0.775  0.809  0.446      0.078    NA 0.035      NA         unw
130    2    3                   PreD_FTA  0.651  0.610  0.500      0.081 0.001 0.041   0.010         unw
131    2    3                   PreD_NCA  0.669  0.710  0.498      0.081 0.000 0.040   0.010         unw
132    2    3                  PreD_NVCA  0.290  0.386  0.419      0.230 0.000 0.096   0.000         unw
133    0    1                     AGE_CA 34.274 34.203 11.551      0.006 0.678 0.004   1.000      es.max
134    0    1                     C_VIOL  0.276  0.285  0.451      0.020 0.193 0.009   0.864      es.max
135    0    1                   Prior_IN  0.304  0.308  0.462      0.009 0.572 0.004   1.000      es.max
136    0    1             Pending_Charge  0.193  0.200  0.398      0.015 0.319 0.006   0.997      es.max
137    0    1                 charge_cnt  2.168  2.209  1.887      0.022 0.160 0.007   0.991      es.max
138    0    1                MSCL:Felony  0.500  0.511  0.500      0.022 0.142 0.011   0.142      es.max
139    0    1           MSCL:Misdemeanor  0.500  0.489  0.500      0.022    NA 0.011      NA      es.max
140    0    1        MSCO:Other Offenses  0.060  0.057  0.235      0.013 0.718 0.003   0.718      es.max
141    0    1         MSCO:Drug Offenses  0.147  0.147  0.353      0.001    NA 0.000      NA      es.max
142    0    1     MSCO:Property Offenses  0.279  0.277  0.448      0.005    NA 0.002      NA      es.max
143    0    1 MSCO:Public Order Offenses  0.188  0.185  0.389      0.008    NA 0.003      NA      es.max
144    0    1      MSCO:Violent Offenses  0.325  0.334  0.471      0.019    NA 0.009      NA      es.max
145    0    1                     Site:1  0.362  0.357  0.479      0.011 0.623 0.005   0.623      es.max
146    0    1                     Site:2  0.539  0.546  0.498      0.014    NA 0.007      NA      es.max
147    0    1                     Site:3  0.099  0.097  0.295      0.007    NA 0.002      NA      es.max
148    0    1                      White  0.400  0.394  0.489      0.013 0.396 0.006   0.996      es.max
149    0    1                      Black  0.538  0.543  0.498      0.010 0.502 0.005   1.000      es.max
150    0    1                 SEX:Female  0.277  0.271  0.446      0.014 0.372 0.006   0.372      es.max
151    0    1                   SEX:Male  0.723  0.729  0.446      0.014    NA 0.006      NA      es.max
152    0    1                   PreD_FTA  0.509  0.516  0.500      0.014 0.348 0.007   0.981      es.max
153    0    1                   PreD_NCA  0.540  0.548  0.498      0.016 0.295 0.008   0.950      es.max
154    0    1                  PreD_NVCA  0.220  0.227  0.419      0.016 0.285 0.007   0.984      es.max
155    0    2                     AGE_CA 34.274 34.157 11.551      0.010 0.681 0.009   1.000      es.max
156    0    2                     C_VIOL  0.276  0.283  0.451      0.014 0.593 0.006   1.000      es.max
157    0    2                   Prior_IN  0.304  0.319  0.462      0.033 0.169 0.015   0.874      es.max
158    0    2             Pending_Charge  0.193  0.206  0.398      0.032 0.166 0.013   0.964      es.max
159    0    2                 charge_cnt  2.168  2.180  1.887      0.007 0.734 0.017   0.760      es.max
160    0    2                MSCL:Felony  0.500  0.520  0.500      0.040 0.125 0.020   0.125      es.max
161    0    2           MSCL:Misdemeanor  0.500  0.480  0.500      0.040    NA 0.020      NA      es.max
162    0    2        MSCO:Other Offenses  0.060  0.054  0.235      0.026 0.885 0.006   0.885      es.max
163    0    2         MSCO:Drug Offenses  0.147  0.148  0.353      0.003    NA 0.001      NA      es.max
164    0    2     MSCO:Property Offenses  0.279  0.285  0.448      0.012    NA 0.006      NA      es.max
165    0    2 MSCO:Public Order Offenses  0.188  0.187  0.389      0.003    NA 0.001      NA      es.max
166    0    2      MSCO:Violent Offenses  0.325  0.326  0.471      0.002    NA 0.001      NA      es.max
167    0    2                     Site:1  0.362  0.349  0.479      0.027 0.315 0.013   0.315      es.max
168    0    2                     Site:2  0.539  0.558  0.498      0.039    NA 0.019      NA      es.max
169    0    2                     Site:3  0.099  0.093  0.295      0.022    NA 0.007      NA      es.max
170    0    2                      White  0.400  0.391  0.489      0.020 0.437 0.010   0.999      es.max
171    0    2                      Black  0.538  0.551  0.498      0.026 0.309 0.013   0.959      es.max
172    0    2                 SEX:Female  0.277  0.256  0.446      0.049 0.066 0.022   0.066      es.max
173    0    2                   SEX:Male  0.723  0.744  0.446      0.049    NA 0.022      NA      es.max
174    0    2                   PreD_FTA  0.509  0.527  0.500      0.036 0.171 0.018   0.725      es.max
175    0    2                   PreD_NCA  0.540  0.561  0.498      0.042 0.111 0.021   0.521      es.max
176    0    2                  PreD_NVCA  0.220  0.234  0.419      0.034 0.156 0.014   0.922      es.max
177    0    3                     AGE_CA 34.274 33.975 11.551      0.026 0.258 0.012   0.961      es.max
178    0    3                     C_VIOL  0.276  0.297  0.451      0.046 0.056 0.021   0.480      es.max
179    0    3                   Prior_IN  0.304  0.323  0.462      0.042 0.053 0.019   0.574      es.max
180    0    3             Pending_Charge  0.193  0.207  0.398      0.035 0.119 0.014   0.910      es.max
181    0    3                 charge_cnt  2.168  2.289  1.887      0.064 0.001 0.034   0.040      es.max
182    0    3                MSCL:Felony  0.500  0.533  0.500      0.064 0.012 0.032   0.012      es.max
183    0    3           MSCL:Misdemeanor  0.500  0.467  0.500      0.064    NA 0.032      NA      es.max
184    0    3        MSCO:Other Offenses  0.060  0.052  0.235      0.033 0.243 0.008   0.243      es.max
185    0    3         MSCO:Drug Offenses  0.147  0.153  0.353      0.015    NA 0.005      NA      es.max
186    0    3     MSCO:Property Offenses  0.279  0.286  0.448      0.015    NA 0.007      NA      es.max
187    0    3 MSCO:Public Order Offenses  0.188  0.166  0.389      0.057    NA 0.022      NA      es.max
188    0    3      MSCO:Violent Offenses  0.325  0.344  0.471      0.038    NA 0.018      NA      es.max
189    0    3                     Site:1  0.362  0.334  0.479      0.058 0.042 0.028   0.042      es.max
190    0    3                     Site:2  0.539  0.568  0.498      0.057    NA 0.029      NA      es.max
191    0    3                     Site:3  0.099  0.098  0.295      0.003    NA 0.001      NA      es.max
192    0    3                      White  0.400  0.392  0.489      0.018 0.473 0.009   1.000      es.max
193    0    3                      Black  0.538  0.546  0.498      0.016 0.522 0.008   1.000      es.max
194    0    3                 SEX:Female  0.277  0.248  0.446      0.065 0.013 0.029   0.013      es.max
195    0    3                   SEX:Male  0.723  0.752  0.446      0.065    NA 0.029      NA      es.max
196    0    3                   PreD_FTA  0.509  0.522  0.500      0.025 0.311 0.013   0.958      es.max
197    0    3                   PreD_NCA  0.540  0.551  0.498      0.023 0.372 0.011   0.984      es.max
198    0    3                  PreD_NVCA  0.220  0.234  0.419      0.034 0.090 0.014   0.887      es.max
199    1    2                     AGE_CA 34.203 34.157 11.551      0.004 0.880 0.008   1.000      es.max
200    1    2                     C_VIOL  0.285  0.283  0.451      0.006 0.818 0.003   1.000      es.max
201    1    2                   Prior_IN  0.308  0.319  0.462      0.024 0.331 0.011   0.995      es.max
202    1    2             Pending_Charge  0.200  0.206  0.398      0.017 0.483 0.007   1.000      es.max
203    1    2                 charge_cnt  2.209  2.180  1.887      0.015 0.447 0.012   0.987      es.max
204    1    2                MSCL:Felony  0.511  0.520  0.500      0.018 0.513 0.009   0.513      es.max
205    1    2           MSCL:Misdemeanor  0.489  0.480  0.500      0.018    NA 0.009      NA      es.max
206    1    2        MSCO:Other Offenses  0.057  0.054  0.235      0.013 0.934 0.003   0.934      es.max
207    1    2         MSCO:Drug Offenses  0.147  0.148  0.353      0.004    NA 0.001      NA      es.max
208    1    2     MSCO:Property Offenses  0.277  0.285  0.448      0.017    NA 0.008      NA      es.max
209    1    2 MSCO:Public Order Offenses  0.185  0.187  0.389      0.005    NA 0.002      NA      es.max
210    1    2      MSCO:Violent Offenses  0.334  0.326  0.471      0.017    NA 0.008      NA      es.max
211    1    2                     Site:1  0.357  0.349  0.479      0.016 0.648 0.008   0.648      es.max
212    1    2                     Site:2  0.546  0.558  0.498      0.025    NA 0.012      NA      es.max
213    1    2                     Site:3  0.097  0.093  0.295      0.015    NA 0.005      NA      es.max
214    1    2                      White  0.394  0.391  0.489      0.007 0.785 0.004   1.000      es.max
215    1    2                      Black  0.543  0.551  0.498      0.016 0.550 0.008   1.000      es.max
216    1    2                 SEX:Female  0.271  0.256  0.446      0.035 0.207 0.016   0.207      es.max
217    1    2                   SEX:Male  0.729  0.744  0.446      0.035    NA 0.016      NA      es.max
218    1    2                   PreD_FTA  0.516  0.527  0.500      0.022 0.428 0.011   0.997      es.max
219    1    2                   PreD_NCA  0.548  0.561  0.498      0.027 0.339 0.013   0.971      es.max
220    1    2                  PreD_NVCA  0.227  0.234  0.419      0.017 0.482 0.007   1.000      es.max
221    1    3                     AGE_CA 34.203 33.975 11.551      0.020 0.418 0.013   0.974      es.max
222    1    3                     C_VIOL  0.285  0.297  0.451      0.026 0.298 0.012   0.987      es.max
223    1    3                   Prior_IN  0.308  0.323  0.462      0.033 0.146 0.015   0.879      es.max
224    1    3             Pending_Charge  0.200  0.207  0.398      0.020 0.403 0.008   1.000      es.max
225    1    3                 charge_cnt  2.209  2.289  1.887      0.042 0.028 0.029   0.156      es.max
226    1    3                MSCL:Felony  0.511  0.533  0.500      0.042 0.114 0.021   0.114      es.max
227    1    3           MSCL:Misdemeanor  0.489  0.467  0.500      0.042    NA 0.021      NA      es.max
228    1    3        MSCO:Other Offenses  0.057  0.052  0.235      0.020 0.476 0.005   0.476      es.max
229    1    3         MSCO:Drug Offenses  0.147  0.153  0.353      0.016    NA 0.006      NA      es.max
230    1    3     MSCO:Property Offenses  0.277  0.286  0.448      0.019    NA 0.009      NA      es.max
231    1    3 MSCO:Public Order Offenses  0.185  0.166  0.389      0.049    NA 0.019      NA      es.max
232    1    3      MSCO:Violent Offenses  0.334  0.344  0.471      0.020    NA 0.009      NA      es.max
233    1    3                     Site:1  0.357  0.334  0.479      0.047 0.170 0.023   0.170      es.max
234    1    3                     Site:2  0.546  0.568  0.498      0.043    NA 0.021      NA      es.max
235    1    3                     Site:3  0.097  0.098  0.295      0.004    NA 0.001      NA      es.max
236    1    3                      White  0.394  0.392  0.489      0.005 0.849 0.002   1.000      es.max
237    1    3                      Black  0.543  0.546  0.498      0.006 0.826 0.003   1.000      es.max
238    1    3                 SEX:Female  0.271  0.248  0.446      0.052 0.063 0.023   0.063      es.max
239    1    3                   SEX:Male  0.729  0.752  0.446      0.052    NA 0.023      NA      es.max
240    1    3                   PreD_FTA  0.516  0.522  0.500      0.011 0.672 0.006   1.000      es.max
241    1    3                   PreD_NCA  0.548  0.551  0.498      0.007 0.790 0.004   1.000      es.max
242    1    3                  PreD_NVCA  0.227  0.234  0.419      0.018 0.402 0.007   1.000      es.max
243    2    3                     AGE_CA 34.157 33.975 11.551      0.016 0.613 0.015   0.983      es.max
244    2    3                     C_VIOL  0.283  0.297  0.451      0.032 0.323 0.014   0.992      es.max
245    2    3                   Prior_IN  0.319  0.323  0.462      0.009 0.769 0.004   1.000      es.max
246    2    3             Pending_Charge  0.206  0.207  0.398      0.002 0.933 0.001   1.000      es.max
247    2    3                 charge_cnt  2.180  2.289  1.887      0.058 0.011 0.018   0.933      es.max
248    2    3                MSCL:Felony  0.520  0.533  0.500      0.024 0.475 0.012   0.475      es.max
249    2    3           MSCL:Misdemeanor  0.480  0.467  0.500      0.024    NA 0.012      NA      es.max
250    2    3        MSCO:Other Offenses  0.054  0.052  0.235      0.007 0.611 0.002   0.611      es.max
251    2    3         MSCO:Drug Offenses  0.148  0.153  0.353      0.012    NA 0.004      NA      es.max
252    2    3     MSCO:Property Offenses  0.285  0.286  0.448      0.002    NA 0.001      NA      es.max
253    2    3 MSCO:Public Order Offenses  0.187  0.166  0.389      0.054    NA 0.021      NA      es.max
254    2    3      MSCO:Violent Offenses  0.326  0.344  0.471      0.037    NA 0.017      NA      es.max
255    2    3                     Site:1  0.349  0.334  0.479      0.031 0.602 0.015   0.602      es.max
256    2    3                     Site:2  0.558  0.568  0.498      0.019    NA 0.009      NA      es.max
257    2    3                     Site:3  0.093  0.098  0.295      0.019    NA 0.006      NA      es.max
258    2    3                      White  0.391  0.392  0.489      0.003 0.940 0.001   1.000      es.max
259    2    3                      Black  0.551  0.546  0.498      0.011 0.753 0.005   1.000      es.max
260    2    3                 SEX:Female  0.256  0.248  0.446      0.016 0.638 0.007   0.638      es.max
261    2    3                   SEX:Male  0.744  0.752  0.446      0.016    NA 0.007      NA      es.max
262    2    3                   PreD_FTA  0.527  0.522  0.500      0.011 0.752 0.005   1.000      es.max
263    2    3                   PreD_NCA  0.561  0.551  0.498      0.019 0.576 0.010   1.000      es.max
264    2    3                  PreD_NVCA  0.234  0.234  0.419      0.000 0.991 0.000   1.000      es.max
